100 0.000014 0.000283
200 0.000025 0.000587
300 0.000037 0.000810
400 0.000052 0.001069
500 0.000064 0.001300
600 0.000077 0.001486
700 0.000093 0.001923
800 0.000109 0.002187
900 0.000122 0.002488
1000 0.000139 0.002784
1100 0.000156 0.003090
1200 0.000195 0.003416
1300 0.000190 0.003675
1400 0.000206 0.004074
1500 0.000219 0.004382
1600 0.000233 0.004699
1700 0.000252 0.005109
1800 0.000266 0.005483
1900 0.000282 0.005700
2000 0.000298 0.006105
2100 0.000316 0.006365
2200 0.000329 0.006763
2300 0.000346 0.007102
2400 0.000388 0.007510
2500 0.000382 0.007857
2600 0.000391 0.008277
2700 0.000414 0.008668
2800 0.000433 0.009020
2900 0.000441 0.009475
3000 0.000465 0.009853
3100 0.000472 0.010207
3200 0.000498 0.010596
3300 0.000514 0.011162
3400 0.000538 0.011552
3500 0.000548 0.011740
3600 0.000572 0.012146
3700 0.000614 0.012498
3800 0.000622 0.012841
3900 0.000632 0.013332
4000 0.000659 0.013716
4100 0.000675 0.014205
4200 0.000723 0.014445
4300 0.000733 0.014892
4400 0.000768 0.015220
4500 0.000802 0.015832
4600 0.000807 0.016378
4700 0.000865 0.016755
4800 0.000882 0.017183
4900 0.000939 0.017721
5000 0.000947 0.018097
5100 0.000955 0.018414
5200 0.000970 0.018730
5300 0.001010 0.019425
5400 0.001086 0.019705
5500 0.001076 0.020184
5600 0.001103 0.020781
5700 0.001196 0.021416
5800 0.001258 0.021758
5900 0.001293 0.021960
6000 0.001284 0.022260
6100 0.001335 0.022821
6200 0.001367 0.023297
6300 0.001423 0.023574
6400 0.001452 0.024109
6500 0.001467 0.024599
6600 0.001457 0.024703
6700 0.001531 0.025233
6800 0.001619 0.025713
6900 0.001696 0.026164
7000 0.001716 0.026660
7100 0.001767 0.027241
7200 0.001887 0.027600
7300 0.001873 0.028218
7400 0.001903 0.028488
7500 0.001939 0.028926
7600 0.001995 0.029280
7700 0.002086 0.030188
7800 0.002091 0.030054
7900 0.002109 0.030459
8000 0.002178 0.031139
8100 0.002256 0.031335
8200 0.002279 0.031838
8300 0.002295 0.032258
8400 0.002339 0.032837
8500 0.002405 0.033086
8600 0.002485 0.033696
8700 0.002492 0.034011
8800 0.002551 0.034151
8900 0.002604 0.034564
9000 0.002689 0.030976
9100 0.002711 0.031060
9200 0.002761 0.031548
9300 0.002794 0.032664
9400 0.002862 0.033348
9500 0.002912 0.033443
9600 0.002896 0.034061
9700 0.003011 0.034132
9800 0.003005 0.034574
9900 0.003088 0.035153
10000 0.003135 0.036318
