1 2.14576721191e-06
2 1.90734863281e-06
3 9.53674316406e-07
4 9.53674316406e-07
5 9.53674316406e-07
6 9.53674316406e-07
7 2.14576721191e-06
8 9.53674316406e-07
9 1.19209289551e-06
10 2.14576721191e-06
11 9.53674316406e-07
12 9.53674316406e-07
13 9.53674316406e-07
14 2.14576721191e-06
15 9.53674316406e-07
16 1.19209289551e-06
17 1.19209289551e-06
18 9.53674316406e-07
19 1.90734863281e-06
20 9.53674316406e-07
21 9.53674316406e-07
22 1.90734863281e-06
23 9.53674316406e-07
24 1.19209289551e-06
25 1.19209289551e-06
26 9.53674316406e-07
27 1.19209289551e-06
28 9.53674316406e-07
29 1.19209289551e-06
30 2.14576721191e-06
31 3.09944152832e-06
32 1.90734863281e-06
33 1.90734863281e-06
34 3.09944152832e-06
35 2.14576721191e-06
36 3.09944152832e-06
37 1.90734863281e-06
38 1.90734863281e-06
39 1.90734863281e-06
40 3.09944152832e-06
41 3.09944152832e-06
42 2.14576721191e-06
43 2.14576721191e-06
44 2.86102294922e-06
45 1.90734863281e-06
46 1.90734863281e-06
47 3.09944152832e-06
48 3.09944152832e-06
49 2.14576721191e-06
50 1.90734863281e-06
51 2.86102294922e-06
52 2.86102294922e-06
53 1.90734863281e-06
54 1.90734863281e-06
55 3.09944152832e-06
56 3.09944152832e-06
57 1.90734863281e-06
58 2.86102294922e-06
59 2.14576721191e-06
60 3.09944152832e-06
61 3.09944152832e-06
62 3.09944152832e-06
63 1.90734863281e-06
64 2.86102294922e-06
65 2.14576721191e-06
66 2.14576721191e-06
67 3.09944152832e-06
68 1.90734863281e-06
69 1.90734863281e-06
70 2.86102294922e-06
71 3.09944152832e-06
72 3.09944152832e-06
73 1.90734863281e-06
74 2.86102294922e-06
75 1.90734863281e-06
76 3.09944152832e-06
77 3.09944152832e-06
78 1.90734863281e-06
79 1.90734863281e-06
80 2.86102294922e-06
81 1.90734863281e-06
82 2.14576721191e-06
83 2.14576721191e-06
84 2.14576721191e-06
85 3.09944152832e-06
86 1.90734863281e-06
87 1.90734863281e-06
88 2.86102294922e-06
89 3.09944152832e-06
90 2.14576721191e-06
91 3.09944152832e-06
92 5.96046447754e-06
93 4.05311584473e-06
94 1.90734863281e-06
95 2.86102294922e-06
96 1.90734863281e-06
97 3.09944152832e-06
98 2.14576721191e-06
99 2.86102294922e-06
