100  0.00105094909668 0.00243902206421
200  0.00206613540649 0.00269985198975
300  0.000900030136108 0.00220608711243
400  0.00126004219055 0.00287580490112
500  0.00159788131714 0.00341892242432
600  0.00197505950928 0.00432395935059
700  0.00207996368408 0.0050630569458
800  0.00261211395264 0.00578689575195
900  0.00283312797546 0.00669693946838
1000  0.0031099319458 0.00751519203186
1100  0.00350499153137 0.0081958770752
1200  0.0039279460907 0.00888013839722
1300  0.00401782989502 0.00978589057922
1400  0.00459599494934 0.010537147522
1500  0.00489091873169 0.0113229751587
1600  0.00529813766479 0.012011051178
1700  0.00549387931824 0.0128939151764
1800  0.00588393211365 0.0135831832886
1900  0.00626993179321 0.0143082141876
2000  0.00654911994934 0.0152399539948
2100  0.00682187080383 0.0159840583801
2200  0.00709199905396 0.0168747901917
2300  0.00750613212585 0.0176229476929
2400  0.00784111022949 0.0180020332336
2500  0.00771713256836 0.0178039073944
2600  0.00824689865112 0.0186548233032
2700  0.00842905044556 0.0193698406219
2800  0.00873899459839 0.0201621055603
2900  0.00896883010864 0.0208048820496
3000  0.00938391685486 0.0217549800873
3100  0.00969314575195 0.0225560665131
3200  0.0101180076599 0.0233769416809
3300  0.0102620124817 0.0240209102631
3400  0.0107510089874 0.0245099067688
3500  0.0110859870911 0.0254571437836
3600  0.0113780498505 0.0262911319733
3700  0.0118541717529 0.0270240306854
3800  0.0121970176697 0.0280840396881
3900  0.0124258995056 0.0288939476013
4000  0.0127878189087 0.0295579433441
4100  0.0130319595337 0.0303490161896
4200  0.0133988857269 0.0309600830078
4300  0.0137519836426 0.0319321155548
4400  0.0140409469604 0.0329611301422
4500  0.0143930912018 0.0338189601898
4600  0.0146679878235 0.0346040725708
4700  0.0150878429413 0.0355598926544
4800  0.0154991149902 0.0361731052399
4900  0.0158960819244 0.0369520187378
5000  0.0161380767822 0.0379338264465
5100  0.0164401531219 0.0387139320374
5200  0.0166158676147 0.0392529964447
5300  0.0173690319061 0.0405111312866
5400  0.0175399780273 0.0412249565125
5500  0.0179440975189 0.0421650409698
5600  0.018177986145 0.0427360534668
5700  0.0185730457306 0.0437200069427
5800  0.0191750526428 0.0444359779358
5900  0.0197072029114 0.04541015625
6000  0.0195682048798 0.0460941791534
6100  0.0202469825745 0.046875
6200  0.0200760364532 0.0477590560913
6300  0.0205790996552 0.0485789775848
6400  0.0210230350494 0.0500500202179
6500  0.0214998722076 0.0508489608765
6600  0.0226850509644 0.0540411472321
6700  0.0229671001434 0.0547931194305
6800  0.0238728523254 0.0558409690857
6900  0.024178981781 0.0569908618927
7000  0.0244970321655 0.0574948787689
7100  0.0247511863708 0.0586180686951
7200  0.0251080989838 0.0591888427734
7300  0.0253870487213 0.0583369731903
7400  0.0247809886932 0.0577011108398
7500  0.0248999595642 0.0587620735168
7600  0.0254549980164 0.0596249103546
7700  0.0257320404053 0.0602869987488
7800  0.0264990329742 0.0610508918762
7900  0.0264191627502 0.0618550777435
8000  0.0270009040833 0.0628201961517
8100  0.0274181365967 0.0638430118561
8200  0.0276579856873 0.0644500255585
8300  0.0277769565582 0.0654420852661
8400  0.0282862186432 0.0661110877991
8500  0.028648853302 0.0676200389862
8600  0.0289299488068 0.0678811073303
8700  0.0291121006012 0.0685040950775
8800  0.029217004776 0.0693879127502
8900  0.0303041934967 0.0704579353333
9000  0.0303378105164 0.0713400840759
9100  0.0311470031738 0.0730240345001
9200  0.0313410758972 0.0735740661621
9300  0.0315959453583 0.0737321376801
9400  0.0321130752563 0.0766689777374
9500  0.0342781543732 0.0803217887878
9600  0.0344769954681 0.0808939933777
9700  0.0348038673401 0.0822410583496
9800  0.0342500209808 0.0782718658447
9900  0.0338799953461 0.0788140296936
10000  0.0342860221863 0.0796427726746
